0001_0108_0058_0091_0091.jpg 1 108 58 91 91
0002_0272_0162_0111_0111.jpg 1 272 162 111 111
0003_0065_0201_0086_0086.jpg 1 65 201 86 86
0004_0204_0245_0149_0149.jpg 1 204 245 149 149
0005_0014_0123_0099_0099.jpg 1 14 123 99 99
0006_0121_0093_0052_0052.jpg 1 121 93 52 52
0007_0285_0095_0110_0110.jpg 1 285 95 110 110
0008_0226_0075_0153_0153.jpg 1 226 75 153 153
0009_0139_0052_0095_0095.jpg 1 139 52 95 95
0010_0268_0088_0136_0136.jpg 1 268 88 136 136
0011_0135_0076_0081_0081.jpg 1 135 76 81 81
0012_0137_0477_0074_0074.jpg 1 137 477 74 74
0013_0152_0053_0065_0065.jpg 1 152 53 65 65
0014_0045_0406_0114_0114.jpg 1 45 406 114 114
0015_0388_0140_0057_0057.jpg 1 388 140 57 57
0016_0195_0067_0064_0064.jpg 1 195 67 64 64
0017_0093_0021_0112_0112.jpg 1 93 21 112 112
0018_0064_0031_0049_0049.jpg 1 64 31 49 49
0019_0224_0124_0068_0068.jpg 1 224 124 68 68
0020_0331_0224_0133_0133.jpg 1 331 224 133 133
0021_0154_0360_0066_0066.jpg 1 154 360 66 66
0022_0396_0243_0162_0162.jpg 1 396 243 162 162
0023_0123_0379_0049_0049.jpg 1 123 379 49 49
0024_0340_0182_0103_0103.jpg 1 340 182 103 103
0025_0248_0170_0055_0055.jpg 1 248 170 55 55
