0001_0326_0051_0259_0259.jpg 1 326 51 259 259
0002_0182_0146_0194_0194.jpg 1 182 146 194 194
0003_0223_0042_0056_0056.jpg 1 223 42 56 56
0004_0222_0168_0056_0056.jpg 1 222 168 56 56
0005_0054_0049_0258_0258.jpg 1 54 49 258 258
0006_0051_0017_0164_0164.jpg 1 51 17 164 164
0007_0061_0030_0147_0147.jpg 1 61 30 147 147
0008_0085_0022_0143_0143.jpg 1 85 22 143 143
0009_0041_0056_0324_0324.jpg 1 41 56 324 324
0010_0076_0042_0077_0077.jpg 1 76 42 77 77
0011_0251_0121_0263_0263.jpg 1 251 121 263 263
0012_0068_0028_0199_0199.jpg 1 68 28 199 199
