0001_0358_0032_0215_0215.jpg 1 358 32 215 215
0002_0445_0145_0110_0110.jpg 1 445 145 110 110
0003_0071_0102_0081_0081.jpg 1 71 102 81 81
0004_0076_0206_0139_0139.jpg 1 76 206 139 139
0005_0119_0046_0139_0139.jpg 1 119 46 139 139
0006_0065_0044_0120_0120.jpg 1 65 44 120 120
0007_0287_0123_0206_0206.jpg 1 287 123 206 206
0008_0009_0058_0174_0174.jpg 1 9 58 174 174
0009_0018_0034_0141_0141.jpg 1 18 34 141 141
0010_0284_0232_0091_0091.jpg 1 284 232 91 91
0011_0189_0083_0095_0095.jpg 1 189 83 95 95
0012_0001_0021_0183_0183.jpg 1 1 21 183 183
0013_0054_0038_0268_0268.jpg 1 54 38 268 268
0014_0141_0288_0237_0237.jpg 1 141 288 237 237
