0001_0035_0056_0137_0137.jpg 1 35 56 137 137
0002_0127_0065_0089_0089.jpg 1 127 65 89 89
0003_0047_0066_0097_0097.jpg 1 47 66 97 97
0004_0374_0347_0061_0061.jpg 1 374 347 61 61
0005_0202_0070_0059_0059.jpg 1 202 70 59 59
0006_0161_0116_0116_0116.jpg 1 161 116 116 116
0007_0084_0065_0117_0117.jpg 1 84 65 117 117
0008_0030_0120_0078_0078.jpg 1 30 120 78 78
0009_0298_0231_0145_0145.jpg 1 298 231 145 145
0010_0112_0023_0050_0050.jpg 1 112 23 50 50
0011_0193_0272_0119_0119.jpg 1 193 272 119 119
0012_0115_0029_0064_0064.jpg 1 115 29 64 64
0013_0060_0066_0094_0094.jpg 1 60 66 94 94
0014_0025_0015_0143_0143.jpg 1 25 15 143 143
0015_0095_0019_0051_0051.jpg 1 95 19 51 51
0016_0167_0052_0089_0089.jpg 1 167 52 89 89
0017_0210_0096_0108_0108.jpg 1 210 96 108 108
0018_0216_0198_0051_0051.jpg 1 216 198 51 51
0019_0449_0242_0108_0108.jpg 1 449 242 108 108
0020_0238_0057_0119_0119.jpg 1 238 57 119 119
0021_0308_0138_0053_0053.jpg 1 308 138 53 53
0022_0412_0135_0064_0064.jpg 1 412 135 64 64
0023_0316_0143_0121_0121.jpg 1 316 143 121 121
0024_0024_0040_0096_0096.jpg 1 24 40 96 96
0025_0091_0085_0126_0126.jpg 1 91 85 126 126
