0001_0036_0041_0162_0162.jpg 1 36 41 162 162
0002_0160_0079_0105_0105.jpg 1 160 79 105 105
0003_0194_0171_0089_0089.jpg 1 194 171 89 89
0004_0433_0135_0135_0135.jpg 1 433 135 135 135
0005_0004_0015_0129_0129.jpg 1 4 15 129 129
0006_0124_0027_0102_0102.jpg 1 124 27 102 102
0007_0169_0196_0150_0150.jpg 1 169 196 150 150
0008_0286_0185_0116_0116.jpg 1 286 185 116 116
0009_0086_0344_0060_0060.jpg 1 86 344 60 60
0010_0427_0185_0096_0096.jpg 1 427 185 96 96
0011_0048_0137_0085_0085.jpg 1 48 137 85 85
0012_0010_0082_0126_0126.jpg 1 10 82 126 126
0013_0143_0054_0079_0079.jpg 1 143 54 79 79
0014_0010_0074_0109_0109.jpg 1 10 74 109 109
0015_0105_0234_0069_0069.jpg 1 105 234 69 69
0016_0056_0132_0063_0063.jpg 1 56 132 63 63
0017_0101_0028_0166_0166.jpg 1 101 28 166 166
0018_0250_0352_0128_0128.jpg 1 250 352 128 128
0019_0044_0050_0112_0112.jpg 1 44 50 112 112
0020_0068_0039_0069_0069.jpg 1 68 39 69 69
0021_0008_0101_0063_0063.jpg 1 8 101 63 63
0022_0027_0063_0167_0167.jpg 1 27 63 167 167
0023_0152_0086_0090_0090.jpg 1 152 86 90 90
0024_0358_0169_0126_0126.jpg 1 358 169 126 126
0025_0201_0240_0129_0129.jpg 1 201 240 129 129
