0001_0109_0021_0131_0131.jpg 1 109 21 131 131
0002_0380_0133_0062_0062.jpg 1 380 133 62 62
0003_0077_0198_0055_0055.jpg 1 77 198 55 55
0004_0436_0238_0091_0091.jpg 1 436 238 91 91
0005_0223_0042_0066_0066.jpg 1 223 42 66 66
0006_0320_0122_0142_0142.jpg 1 320 122 142 142
0007_0087_0066_0121_0121.jpg 1 87 66 121 121
0008_0191_0268_0149_0149.jpg 1 191 268 149 149
0009_0037_0038_0093_0093.jpg 1 37 38 93 93
0010_0189_0137_0118_0118.jpg 1 189 137 118 118
0011_0295_0044_0062_0062.jpg 1 295 44 62 62
0012_0025_0161_0055_0055.jpg 1 25 161 55 55
0013_0147_0130_0082_0082.jpg 1 147 130 82 82
0014_0141_0042_0058_0058.jpg 1 141 42 58 58
0015_0247_0137_0100_0100.jpg 1 247 137 100 100
0016_0106_0058_0068_0068.jpg 1 106 58 68 68
0017_0145_0425_0145_0145.jpg 1 145 425 145 145
0018_0096_0049_0050_0050.jpg 1 96 49 50 50
0019_0156_0041_0094_0094.jpg 1 156 41 94 94
0020_0133_0050_0116_0116.jpg 1 133 50 116 116
0021_0052_0075_0112_0112.jpg 1 52 75 112 112
0022_0118_0010_0137_0137.jpg 1 118 10 137 137
0023_0215_0273_0053_0053.jpg 1 215 273 53 53
0024_0146_0076_0074_0074.jpg 1 146 76 74 74
0025_0036_0076_0078_0078.jpg 1 36 76 78 78
