0001_0055_0119_0052_0052.jpg 1 55 119 52 52
0002_0245_0124_0100_0100.jpg 1 245 124 100 100
0003_0087_0105_0050_0050.jpg 1 87 105 50 50
0004_0079_0086_0071_0071.jpg 1 79 86 71 71
0005_0335_0054_0084_0084.jpg 1 335 54 84 84
0006_0322_0095_0075_0075.jpg 1 322 95 75 75
0007_0393_0340_0061_0061.jpg 1 393 340 61 61
0008_0140_0088_0106_0106.jpg 1 140 88 106 106
0009_0136_0113_0071_0071.jpg 1 136 113 71 71
0010_0030_0082_0071_0071.jpg 1 30 82 71 71
0011_0208_0313_0091_0091.jpg 1 208 313 91 91
0012_0075_0042_0106_0106.jpg 1 75 42 106 106
0013_0189_0121_0082_0082.jpg 1 189 121 82 82
0014_0027_0145_0068_0068.jpg 1 27 145 68 68
0015_0152_0120_0104_0104.jpg 1 152 120 104 104
0016_0108_0098_0059_0059.jpg 1 108 98 59 59
0017_0025_0021_0098_0098.jpg 1 25 21 98 98
0018_0051_0107_0082_0082.jpg 1 51 107 82 82
0019_0335_0086_0095_0095.jpg 1 335 86 95 95
0020_0162_0060_0103_0103.jpg 1 162 60 103 103
0021_0064_0053_0100_0100.jpg 1 64 53 100 100
0022_0159_0115_0093_0093.jpg 1 159 115 93 93
0023_0161_0270_0109_0109.jpg 1 161 270 109 109
0024_0318_0354_0051_0051.jpg 1 318 354 51 51
0025_0078_0039_0053_0053.jpg 1 78 39 53 53
