0001_0046_0034_0067_0067.jpg 1 46 34 67 67
0002_0445_0216_0075_0075.jpg 1 445 216 75 75
0003_0051_0051_0067_0067.jpg 1 51 51 67 67
0004_0160_0271_0065_0065.jpg 1 160 271 65 65
0005_0069_0085_0050_0050.jpg 1 69 85 50 50
0006_0141_0093_0078_0078.jpg 1 141 93 78 78
0007_0059_0106_0087_0087.jpg 1 59 106 87 87
0008_0406_0120_0066_0066.jpg 1 406 120 66 66
0009_0156_0153_0081_0081.jpg 1 156 153 81 81
0010_0108_0256_0085_0085.jpg 1 108 256 85 85
0011_0078_0142_0059_0059.jpg 1 78 142 59 59
0012_0098_0091_0053_0053.jpg 1 98 91 53 53
0013_0144_0320_0050_0050.jpg 1 144 320 50 50
0014_0123_0087_0065_0065.jpg 1 123 87 65 65
0015_0022_0104_0068_0068.jpg 1 22 104 68 68
0016_0018_0055_0079_0079.jpg 1 18 55 79 79
0017_0066_0145_0071_0071.jpg 1 66 145 71 71
0018_0093_0115_0074_0074.jpg 1 93 115 74 74
0019_0222_0062_0051_0051.jpg 1 222 62 51 51
0020_0142_0084_0058_0058.jpg 1 142 84 58 58
0021_0145_0111_0067_0067.jpg 1 145 111 67 67
0022_0095_0094_0062_0062.jpg 1 95 94 62 62
0023_0072_0047_0058_0058.jpg 1 72 47 58 58
0024_0100_0086_0075_0075.jpg 1 100 86 75 75
0025_0170_0051_0079_0079.jpg 1 170 51 79 79
