0001_0140_0066_0094_0094.jpg 1 140 66 94 94
0002_0214_0203_0074_0074.jpg 1 214 203 74 74
0003_0012_0066_0162_0162.jpg 1 12 66 162 162
0004_0269_0354_0055_0055.jpg 1 269 354 55 55
0005_0086_0036_0145_0145.jpg 1 86 36 145 145
0006_0242_0197_0089_0089.jpg 1 242 197 89 89
0007_0133_0143_0067_0067.jpg 1 133 143 67 67
0008_0147_0061_0084_0084.jpg 1 147 61 84 84
0009_0276_0334_0066_0066.jpg 1 276 334 66 66
0010_0163_0036_0075_0075.jpg 1 163 36 75 75
0011_0123_0091_0121_0121.jpg 1 123 91 121 121
0012_0223_0143_0053_0053.jpg 1 223 143 53 53
0013_0112_0095_0065_0065.jpg 1 112 95 65 65
0014_0196_0110_0072_0072.jpg 1 196 110 72 72
0015_0357_0042_0152_0152.jpg 1 357 42 152 152
0016_0443_0154_0107_0107.jpg 1 443 154 107 107
0017_0363_0339_0065_0065.jpg 1 363 339 65 65
0018_0061_0080_0128_0128.jpg 1 61 80 128 128
0019_0068_0040_0135_0135.jpg 1 68 40 135 135
0020_0123_0222_0153_0153.jpg 1 123 222 153 153
0021_0022_0045_0133_0133.jpg 1 22 45 133 133
0022_0012_0039_0119_0119.jpg 1 12 39 119 119
0023_0245_0435_0087_0087.jpg 1 245 435 87 87
0024_0233_0035_0163_0163.jpg 1 233 35 163 163
0025_0163_0030_0102_0102.jpg 1 163 30 102 102
