0001_0061_0107_0228_0228.jpg 1 61 107 228 228
0002_0122_0145_0299_0299.jpg 1 122 145 299 299
0003_0130_0021_0160_0160.jpg 1 130 21 160 160
0004_0038_0403_0180_0180.jpg 1 38 403 180 180
0005_0312_0251_0085_0085.jpg 1 312 251 85 85
0006_0442_0039_0108_0108.jpg 1 442 39 108 108
0007_0211_0061_0299_0299.jpg 1 211 61 299 299
0008_0335_0094_0239_0239.jpg 1 335 94 239 239
0009_0021_0012_0172_0172.jpg 1 21 12 172 172
0010_0274_0227_0212_0212.jpg 1 274 227 212 212
0011_0138_0215_0168_0168.jpg 1 138 215 168 168
0012_0146_0093_0297_0297.jpg 1 146 93 297 297
0013_0064_0101_0287_0287.jpg 1 64 101 287 287
0014_0120_0061_0068_0068.jpg 1 120 61 68 68
