0001_0172_0035_0104_0104.jpg 1 172 35 104 104
0002_0054_0035_0064_0064.jpg 1 54 35 64 64
0003_0122_0078_0117_0117.jpg 1 122 78 117 117
0004_0118_0098_0066_0066.jpg 1 118 98 66 66
0005_0027_0084_0108_0108.jpg 1 27 84 108 108
0006_0112_0118_0065_0065.jpg 1 112 118 65 65
0007_0344_0138_0076_0076.jpg 1 344 138 76 76
0008_0000_0045_0132_0132.jpg 1 0 45 132 132
0009_0300_0061_0102_0102.jpg 1 300 61 102 102
0010_0073_0069_0097_0097.jpg 1 73 69 97 97
0011_0024_0088_0109_0109.jpg 1 24 88 109 109
0012_0084_0045_0113_0113.jpg 1 84 45 113 113
0013_0124_0030_0137_0137.jpg 1 124 30 137 137
0014_0375_0110_0112_0112.jpg 1 375 110 112 112
0015_0174_0030_0060_0060.jpg 1 174 30 60 60
0016_0221_0058_0090_0090.jpg 1 221 58 90 90
0017_0387_0261_0086_0086.jpg 1 387 261 86 86
0018_0414_0312_0069_0069.jpg 1 414 312 69 69
0019_0114_0102_0124_0124.jpg 1 114 102 124 124
0020_0101_0287_0062_0062.jpg 1 101 287 62 62
0021_0039_0148_0063_0063.jpg 1 39 148 63 63
0022_0280_0302_0130_0130.jpg 1 280 302 130 130
0023_0158_0062_0104_0104.jpg 1 158 62 104 104
0024_0061_0038_0061_0061.jpg 1 61 38 61 61
0025_0140_0035_0112_0112.jpg 1 140 35 112 112
