0001_0127_0066_0070_0070.jpg 1 127 66 70 70
0002_0101_0045_0085_0085.jpg 1 101 45 85 85
0003_0054_0047_0143_0143.jpg 1 54 47 143 143
0004_0164_0294_0123_0123.jpg 1 164 294 123 123
0005_0108_0304_0067_0067.jpg 1 108 304 67 67
0006_0111_0078_0151_0151.jpg 1 111 78 151 151
0007_0237_0080_0049_0049.jpg 1 237 80 49 49
0008_0324_0427_0079_0079.jpg 1 324 427 79 79
0009_0379_0266_0160_0160.jpg 1 379 266 160 160
0010_0503_0216_0067_0067.jpg 1 503 216 67 67
0011_0169_0248_0121_0121.jpg 1 169 248 121 121
0012_0261_0254_0160_0160.jpg 1 261 254 160 160
0013_0175_0057_0157_0157.jpg 1 175 57 157 157
0014_0067_0421_0118_0118.jpg 1 67 421 118 118
0015_0070_0036_0129_0129.jpg 1 70 36 129 129
0016_0093_0022_0085_0085.jpg 1 93 22 85 85
0017_0037_0078_0080_0080.jpg 1 37 78 80 80
0018_0064_0285_0140_0140.jpg 1 64 285 140 140
0019_0078_0060_0123_0123.jpg 1 78 60 123 123
0020_0356_0082_0148_0148.jpg 1 356 82 148 148
0021_0084_0187_0057_0057.jpg 1 84 187 57 57
0022_0059_0063_0119_0119.jpg 1 59 63 119 119
0023_0127_0240_0068_0068.jpg 1 127 240 68 68
0024_0148_0105_0086_0086.jpg 1 148 105 86 86
0025_0127_0015_0135_0135.jpg 1 127 15 135 135
