0001_0065_0147_0057_0057.jpg 1 65 147 57 57
0002_0039_0118_0083_0083.jpg 1 39 118 83 83
0003_0020_0142_0060_0060.jpg 1 20 142 60 60
0004_0281_0067_0164_0164.jpg 1 281 67 164 164
0005_0277_0132_0119_0119.jpg 1 277 132 119 119
0006_0010_0067_0146_0146.jpg 1 10 67 146 146
0007_0419_0148_0070_0070.jpg 1 419 148 70 70
0008_0198_0127_0055_0055.jpg 1 198 127 55 55
0009_0095_0103_0058_0058.jpg 1 95 103 58 58
0010_0122_0170_0133_0133.jpg 1 122 170 133 133
0011_0061_0168_0157_0157.jpg 1 61 168 157 157
0012_0244_0218_0113_0113.jpg 1 244 218 113 113
0013_0012_0058_0154_0154.jpg 1 12 58 154 154
0014_0115_0032_0060_0060.jpg 1 115 32 60 60
0015_0115_0181_0089_0089.jpg 1 115 181 89 89
0016_0473_0054_0051_0051.jpg 1 473 54 51 51
0017_0209_0204_0086_0086.jpg 1 209 204 86 86
