0001_0062_0136_0065_0065.jpg 1 62 136 65 65
0002_0123_0188_0138_0138.jpg 1 123 188 138 138
0003_0054_0146_0052_0052.jpg 1 54 146 52 52
0004_0187_0215_0071_0071.jpg 1 187 215 71 71
0005_0133_0052_0134_0134.jpg 1 133 52 134 134
0006_0200_0262_0127_0127.jpg 1 200 262 127 127
0007_0075_0489_0071_0071.jpg 1 75 489 71 71
0008_0105_0060_0158_0158.jpg 1 105 60 158 158
0009_0253_0079_0074_0074.jpg 1 253 79 74 74
0010_0435_0188_0088_0088.jpg 1 435 188 88 88
0011_0408_0210_0132_0132.jpg 1 408 210 132 132
0012_0149_0029_0110_0110.jpg 1 149 29 110 110
0013_0329_0126_0143_0143.jpg 1 329 126 143 143
0014_0138_0311_0072_0072.jpg 1 138 311 72 72
0015_0025_0023_0071_0071.jpg 1 25 23 71 71
0016_0026_0154_0050_0050.jpg 1 26 154 50 50
0017_0134_0012_0140_0140.jpg 1 134 12 140 140
0018_0115_0046_0090_0090.jpg 1 115 46 90 90
0019_0404_0131_0050_0050.jpg 1 404 131 50 50
0020_0092_0247_0093_0093.jpg 1 92 247 93 93
0021_0103_0116_0053_0053.jpg 1 103 116 53 53
0022_0470_0109_0101_0101.jpg 1 470 109 101 101
0023_0303_0144_0063_0063.jpg 1 303 144 63 63
0024_0046_0072_0150_0150.jpg 1 46 72 150 150
0025_0143_0213_0142_0142.jpg 1 143 213 142 142
