0001_0098_0336_0240_0240.jpg 1 98 336 240 240
0002_0132_0260_0173_0173.jpg 1 132 260 173 173
0003_0058_0035_0091_0091.jpg 1 58 35 91 91
0004_0047_0030_0160_0160.jpg 1 47 30 160 160
0005_0153_0143_0069_0069.jpg 1 153 143 69 69
0006_0332_0167_0172_0172.jpg 1 332 167 172 172
0007_0195_0164_0266_0266.jpg 1 195 164 266 266
0008_0122_0072_0094_0094.jpg 1 122 72 94 94
0009_0104_0084_0325_0325.jpg 1 104 84 325 325
0010_0209_0098_0331_0331.jpg 1 209 98 331 331
0011_0139_0116_0284_0284.jpg 1 139 116 284 284
0012_0048_0040_0144_0144.jpg 1 48 40 144 144
0013_0318_0128_0283_0283.jpg 1 318 128 283 283
0014_0050_0074_0176_0176.jpg 1 50 74 176 176
0015_0021_0056_0159_0159.jpg 1 21 56 159 159
0016_0022_0011_0194_0194.jpg 1 22 11 194 194
0017_0268_0146_0180_0180.jpg 1 268 146 180 180
0018_0087_0270_0156_0156.jpg 1 87 270 156 156
0019_0116_0248_0154_0154.jpg 1 116 248 154 154
