0001_0027_0032_0102_0102.jpg 1 27 32 102 102
0002_0211_0110_0141_0141.jpg 1 211 110 141 141
0003_0194_0233_0057_0057.jpg 1 194 233 57 57
0004_0225_0090_0061_0061.jpg 1 225 90 61 61
0005_0248_0111_0091_0091.jpg 1 248 111 91 91
0006_0086_0055_0102_0102.jpg 1 86 55 102 102
0007_0432_0254_0048_0048.jpg 1 432 254 48 48
0008_0326_0144_0121_0121.jpg 1 326 144 121 121
0009_0515_0271_0048_0048.jpg 1 515 271 48 48
0010_0155_0230_0094_0094.jpg 1 155 230 94 94
0011_0196_0126_0051_0051.jpg 1 196 126 51 51
0012_0214_0246_0060_0060.jpg 1 214 246 60 60
0013_0342_0160_0072_0072.jpg 1 342 160 72 72
0014_0396_0149_0126_0126.jpg 1 396 149 126 126
0015_0019_0095_0132_0132.jpg 1 19 95 132 132
0016_0462_0289_0112_0112.jpg 1 462 289 112 112
0017_0164_0140_0056_0056.jpg 1 164 140 56 56
0018_0089_0144_0115_0115.jpg 1 89 144 115 115
0019_0020_0071_0095_0095.jpg 1 20 71 95 95
0020_0113_0260_0150_0150.jpg 1 113 260 150 150
0021_0029_0034_0157_0157.jpg 1 29 34 157 157
0022_0356_0120_0152_0152.jpg 1 356 120 152 152
0023_0106_0059_0101_0101.jpg 1 106 59 101 101
0024_0186_0197_0114_0114.jpg 1 186 197 114 114
0025_0189_0086_0086_0086.jpg 1 189 86 86 86
