0001_0018_0082_0134_0134.jpg 1 18 82 134 134
0002_0397_0217_0149_0149.jpg 1 397 217 149 149
0003_0143_0089_0105_0105.jpg 1 143 89 105 105
0004_0397_0138_0140_0140.jpg 1 397 138 140 140
0005_0120_0083_0091_0091.jpg 1 120 83 91 91
0006_0102_0315_0118_0118.jpg 1 102 315 118 118
0007_0203_0157_0084_0084.jpg 1 203 157 84 84
0008_0025_0066_0083_0083.jpg 1 25 66 83 83
0009_0049_0023_0132_0132.jpg 1 49 23 132 132
0010_0095_0103_0066_0066.jpg 1 95 103 66 66
0011_0073_0027_0090_0090.jpg 1 73 27 90 90
0012_0361_0066_0074_0074.jpg 1 361 66 74 74
0013_0012_0031_0150_0150.jpg 1 12 31 150 150
0014_0366_0152_0131_0131.jpg 1 366 152 131 131
0015_0084_0091_0116_0116.jpg 1 84 91 116 116
0016_0072_0055_0062_0062.jpg 1 72 55 62 62
0017_0345_0315_0082_0082.jpg 1 345 315 82 82
0018_0103_0034_0072_0072.jpg 1 103 34 72 72
0019_0025_0088_0064_0064.jpg 1 25 88 64 64
0020_0355_0124_0079_0079.jpg 1 355 124 79 79
0021_0231_0076_0125_0125.jpg 1 231 76 125 125
0022_0111_0015_0123_0123.jpg 1 111 15 123 123
0023_0070_0321_0063_0063.jpg 1 70 321 63 63
0024_0009_0018_0144_0144.jpg 1 9 18 144 144
0025_0140_0068_0109_0109.jpg 1 140 68 109 109
