0001_0036_0063_0055_0055.jpg 1 36 63 55 55
0002_0459_0070_0061_0061.jpg 1 459 70 61 61
0003_0179_0169_0167_0167.jpg 1 179 169 167 167
0004_0053_0028_0143_0143.jpg 1 53 28 143 143
0005_0121_0010_0141_0141.jpg 1 121 10 141 141
0006_0093_0079_0124_0124.jpg 1 93 79 124 124
0007_0057_0176_0139_0139.jpg 1 57 176 139 139
0008_0060_0035_0056_0056.jpg 1 60 35 56 56
0009_0033_0093_0079_0079.jpg 1 33 93 79 79
0010_0108_0038_0142_0142.jpg 1 108 38 142 142
0011_0095_0095_0071_0071.jpg 1 95 95 71 71
0012_0324_0152_0141_0141.jpg 1 324 152 141 141
0013_0043_0042_0106_0106.jpg 1 43 42 106 106
0014_0287_0228_0050_0050.jpg 1 287 228 50 50
0015_0164_0101_0122_0122.jpg 1 164 101 122 122
0016_0126_0089_0108_0108.jpg 1 126 89 108 108
0017_0047_0418_0145_0145.jpg 1 47 418 145 145
0018_0046_0119_0052_0052.jpg 1 46 119 52 52
0019_0102_0008_0131_0131.jpg 1 102 8 131 131
0020_0091_0093_0116_0116.jpg 1 91 93 116 116
0021_0328_0072_0163_0163.jpg 1 328 72 163 163
0022_0014_0058_0103_0103.jpg 1 14 58 103 103
0023_0125_0016_0163_0163.jpg 1 125 16 163 163
0024_0300_0177_0147_0147.jpg 1 300 177 147 147
0025_0166_0244_0144_0144.jpg 1 166 244 144 144
