0001_0478_0164_0059_0059.jpg 1 478 164 59 59
0002_0007_0039_0114_0114.jpg 1 7 39 114 114
0003_0114_0052_0289_0289.jpg 1 114 52 289 289
0004_0212_0372_0058_0058.jpg 1 212 372 58 58
0005_0083_0143_0231_0231.jpg 1 83 143 231 231
0006_0115_0117_0073_0073.jpg 1 115 117 73 73
0007_0150_0060_0134_0134.jpg 1 150 60 134 134
0008_0273_0259_0079_0079.jpg 1 273 259 79 79
0009_0297_0145_0253_0253.jpg 1 297 145 253 253
0010_0202_0318_0091_0091.jpg 1 202 318 91 91
0011_0020_0010_0224_0224.jpg 1 20 10 224 224
0012_0250_0224_0135_0135.jpg 1 250 224 135 135
0013_0038_0014_0113_0113.jpg 1 38 14 113 113
0014_0229_0349_0177_0177.jpg 1 229 349 177 177
0015_0242_0068_0301_0301.jpg 1 242 68 301 301
0016_0091_0056_0103_0103.jpg 1 91 56 103 103
0017_0025_0100_0085_0085.jpg 1 25 100 85 85
0018_0061_0049_0095_0095.jpg 1 61 49 95 95
0019_0150_0043_0076_0076.jpg 1 150 43 76 76
0020_0364_0115_0201_0201.jpg 1 364 115 201 201
