0001_0211_0013_0083_0083.jpg 1 211 13 83 83
0002_0133_0057_0086_0086.jpg 1 133 57 86 86
0003_0339_0058_0055_0055.jpg 1 339 58 55 55
0004_0484_0280_0057_0057.jpg 1 484 280 57 57
0005_0349_0264_0088_0088.jpg 1 349 264 88 88
0006_0454_0052_0050_0050.jpg 1 454 52 50 50
0007_0207_0130_0079_0079.jpg 1 207 130 79 79
0008_0079_0037_0080_0080.jpg 1 79 37 80 80
0009_0078_0068_0081_0081.jpg 1 78 68 81 81
0010_0061_0108_0095_0095.jpg 1 61 108 95 95
0011_0265_0122_0102_0102.jpg 1 265 122 102 102
0012_0311_0105_0061_0061.jpg 1 311 105 61 61
0013_0244_0073_0091_0091.jpg 1 244 73 91 91
0014_0043_0042_0082_0082.jpg 1 43 42 82 82
0015_0312_0208_0118_0118.jpg 1 312 208 118 118
0016_0077_0064_0068_0068.jpg 1 77 64 68 68
0017_0128_0159_0091_0091.jpg 1 128 159 91 91
0018_0086_0111_0070_0070.jpg 1 86 111 70 70
0019_0066_0186_0077_0077.jpg 1 66 186 77 77
0020_0027_0019_0102_0102.jpg 1 27 19 102 102
0021_0112_0478_0097_0097.jpg 1 112 478 97 97
0022_0153_0186_0085_0085.jpg 1 153 186 85 85
0023_0233_0058_0059_0059.jpg 1 233 58 59 59
0024_0103_0137_0071_0071.jpg 1 103 137 71 71
0025_0443_0333_0087_0087.jpg 1 443 333 87 87
