0001_0182_0055_0249_0249.jpg 1 182 55 249 249
0002_0086_0058_0116_0116.jpg 1 86 58 116 116
0003_0044_0017_0158_0158.jpg 1 44 17 158 158
0004_0135_0012_0102_0102.jpg 1 135 12 102 102
0005_0360_0213_0204_0204.jpg 1 360 213 204 204
0006_0169_0262_0184_0184.jpg 1 169 262 184 184
0007_0019_0013_0186_0186.jpg 1 19 13 186 186
0008_0081_0350_0068_0068.jpg 1 81 350 68 68
0009_0083_0208_0157_0157.jpg 1 83 208 157 157
0010_0186_0050_0212_0212.jpg 1 186 50 212 212
0011_0143_0171_0050_0050.jpg 1 143 171 50 50
