0001_0052_0035_0114_0114.jpg 1 52 35 114 114
0002_0107_0029_0161_0161.jpg 1 107 29 161 161
0003_0153_0208_0120_0120.jpg 1 153 208 120 120
0004_0170_0098_0109_0109.jpg 1 170 98 109 109
0005_0311_0443_0090_0090.jpg 1 311 443 90 90
0006_0146_0112_0059_0059.jpg 1 146 112 59 59
0007_0497_0066_0057_0057.jpg 1 497 66 57 57
0008_0078_0082_0136_0136.jpg 1 78 82 136 136
0009_0026_0049_0088_0088.jpg 1 26 49 88 88
0010_0170_0146_0161_0161.jpg 1 170 146 161 161
0011_0039_0078_0070_0070.jpg 1 39 78 70 70
0012_0033_0098_0094_0094.jpg 1 33 98 94 94
0013_0084_0107_0065_0065.jpg 1 84 107 65 65
0014_0143_0060_0138_0138.jpg 1 143 60 138 138
0015_0236_0059_0081_0081.jpg 1 236 59 81 81
0016_0003_0054_0118_0118.jpg 1 3 54 118 118
0017_0285_0073_0095_0095.jpg 1 285 73 95 95
0018_0182_0026_0048_0048.jpg 1 182 26 48 48
0019_0161_0149_0059_0059.jpg 1 161 149 59 59
0020_0423_0152_0147_0147.jpg 1 423 152 147 147
0021_0232_0285_0137_0137.jpg 1 232 285 137 137
0022_0110_0068_0099_0099.jpg 1 110 68 99 99
0023_0133_0030_0129_0129.jpg 1 133 30 129 129
0024_0068_0075_0092_0092.jpg 1 68 75 92 92
0025_0336_0157_0098_0098.jpg 1 336 157 98 98
