0001_0070_0030_0061_0061.jpg 1 70 30 61 61
0002_0201_0168_0100_0100.jpg 1 201 168 100 100
0003_0080_0129_0074_0074.jpg 1 80 129 74 74
0004_0105_0093_0070_0070.jpg 1 105 93 70 70
0005_0115_0185_0106_0106.jpg 1 115 185 106 106
0006_0109_0101_0061_0061.jpg 1 109 101 61 61
0007_0263_0152_0105_0105.jpg 1 263 152 105 105
0008_0043_0067_0096_0096.jpg 1 43 67 96 96
0009_0109_0278_0073_0073.jpg 1 109 278 73 73
0010_0488_0367_0055_0055.jpg 1 488 367 55 55
0011_0193_0255_0097_0097.jpg 1 193 255 97 97
0012_0038_0064_0090_0090.jpg 1 38 64 90 90
0013_0005_0029_0101_0101.jpg 1 5 29 101 101
0014_0393_0151_0095_0095.jpg 1 393 151 95 95
0015_0015_0146_0064_0064.jpg 1 15 146 64 64
0016_0058_0171_0077_0077.jpg 1 58 171 77 77
0017_0350_0075_0066_0066.jpg 1 350 75 66 66
0018_0255_0488_0058_0058.jpg 1 255 488 58 58
0019_0247_0197_0073_0073.jpg 1 247 197 73 73
0020_0040_0039_0056_0056.jpg 1 40 39 56 56
0021_0365_0291_0048_0048.jpg 1 365 291 48 48
0022_0022_0128_0093_0093.jpg 1 22 128 93 93
0023_0058_0115_0071_0071.jpg 1 58 115 71 71
0024_0140_0122_0086_0086.jpg 1 140 122 86 86
0025_0353_0094_0090_0090.jpg 1 353 94 90 90
