0001_0058_0035_0133_0133.jpg 1 58 35 133 133
0002_0055_0012_0132_0132.jpg 1 55 12 132 132
0003_0378_0262_0118_0118.jpg 1 378 262 118 118
0004_0350_0364_0061_0061.jpg 1 350 364 61 61
0005_0199_0103_0051_0051.jpg 1 199 103 51 51
0006_0029_0082_0068_0068.jpg 1 29 82 68 68
0007_0139_0096_0078_0078.jpg 1 139 96 78 78
0008_0023_0017_0131_0131.jpg 1 23 17 131 131
0009_0034_0048_0148_0148.jpg 1 34 48 148 148
0010_0122_0104_0119_0119.jpg 1 122 104 119 119
0011_0110_0051_0079_0079.jpg 1 110 51 79 79
0012_0360_0089_0055_0055.jpg 1 360 89 55 55
0013_0028_0016_0089_0089.jpg 1 28 16 89 89
0014_0052_0023_0052_0052.jpg 1 52 23 52 52
0015_0049_0015_0137_0137.jpg 1 49 15 137 137
0016_0215_0325_0099_0099.jpg 1 215 325 99 99
0017_0199_0131_0068_0068.jpg 1 199 131 68 68
0018_0252_0081_0124_0124.jpg 1 252 81 124 124
0019_0124_0058_0114_0114.jpg 1 124 58 114 114
0020_0225_0324_0052_0052.jpg 1 225 324 52 52
0021_0137_0071_0086_0086.jpg 1 137 71 86 86
0022_0113_0068_0079_0079.jpg 1 113 68 79 79
0023_0489_0317_0076_0076.jpg 1 489 317 76 76
0024_0311_0294_0114_0114.jpg 1 311 294 114 114
0025_0275_0092_0134_0134.jpg 1 275 92 134 134
