0001_0152_0054_0136_0136.jpg 1 152 54 136 136
0002_0011_0075_0132_0132.jpg 1 11 75 132 132
0003_0058_0079_0117_0117.jpg 1 58 79 117 117
0004_0207_0102_0061_0061.jpg 1 207 102 61 61
0005_0265_0105_0053_0053.jpg 1 265 105 53 53
0006_0088_0005_0136_0136.jpg 1 88 5 136 136
0007_0324_0086_0148_0148.jpg 1 324 86 148 148
0008_0218_0079_0075_0075.jpg 1 218 79 75 75
0009_0125_0504_0066_0066.jpg 1 125 504 66 66
0010_0078_0029_0161_0161.jpg 1 78 29 161 161
0011_0012_0084_0068_0068.jpg 1 12 84 68 68
0012_0307_0303_0054_0054.jpg 1 307 303 54 54
0013_0176_0070_0082_0082.jpg 1 176 70 82 82
0014_0098_0016_0088_0088.jpg 1 98 16 88 88
0015_0275_0261_0061_0061.jpg 1 275 261 61 61
0016_0315_0168_0066_0066.jpg 1 315 168 66 66
0017_0145_0067_0122_0122.jpg 1 145 67 122 122
0018_0069_0442_0105_0105.jpg 1 69 442 105 105
0019_0363_0215_0162_0162.jpg 1 363 215 162 162
0020_0092_0024_0151_0151.jpg 1 92 24 151 151
0021_0063_0155_0066_0066.jpg 1 63 155 66 66
0022_0185_0032_0086_0086.jpg 1 185 32 86 86
0023_0078_0080_0088_0088.jpg 1 78 80 88 88
0024_0061_0109_0049_0049.jpg 1 61 109 49 49
0025_0060_0318_0105_0105.jpg 1 60 318 105 105
