0001_0200_0117_0060_0060.jpg 1 200 117 60 60
0002_0310_0222_0093_0093.jpg 1 310 222 93 93
0003_0353_0369_0083_0083.jpg 1 353 369 83 83
0004_0399_0323_0082_0082.jpg 1 399 323 82 82
0005_0289_0282_0106_0106.jpg 1 289 282 106 106
0006_0117_0080_0120_0120.jpg 1 117 80 120 120
0007_0294_0269_0109_0109.jpg 1 294 269 109 109
0008_0490_0316_0082_0082.jpg 1 490 316 82 82
0009_0088_0038_0079_0079.jpg 1 88 38 79 79
0010_0061_0204_0131_0131.jpg 1 61 204 131 131
0011_0118_0350_0122_0122.jpg 1 118 350 122 122
0012_0162_0053_0108_0108.jpg 1 162 53 108 108
0013_0394_0258_0064_0064.jpg 1 394 258 64 64
0014_0068_0058_0143_0143.jpg 1 68 58 143 143
0015_0292_0293_0127_0127.jpg 1 292 293 127 127
0016_0157_0016_0085_0085.jpg 1 157 16 85 85
0017_0312_0097_0052_0052.jpg 1 312 97 52 52
0018_0351_0043_0096_0096.jpg 1 351 43 96 96
0019_0171_0282_0109_0109.jpg 1 171 282 109 109
0020_0198_0292_0105_0105.jpg 1 198 292 105 105
0021_0111_0210_0071_0071.jpg 1 111 210 71 71
0022_0130_0051_0152_0152.jpg 1 130 51 152 152
0023_0030_0080_0098_0098.jpg 1 30 80 98 98
0024_0039_0020_0124_0124.jpg 1 39 20 124 124
0025_0270_0116_0079_0079.jpg 1 270 116 79 79
