0001_0139_0085_0070_0070.jpg 1 139 85 70 70
0002_0127_0042_0063_0063.jpg 1 127 42 63 63
0003_0179_0277_0081_0081.jpg 1 179 277 81 81
0004_0266_0125_0119_0119.jpg 1 266 125 119 119
0005_0092_0027_0161_0161.jpg 1 92 27 161 161
0006_0155_0091_0133_0133.jpg 1 155 91 133 133
0007_0316_0165_0089_0089.jpg 1 316 165 89 89
0008_0171_0182_0167_0167.jpg 1 171 182 167 167
0009_0053_0095_0112_0112.jpg 1 53 95 112 112
0010_0223_0065_0062_0062.jpg 1 223 65 62 62
0011_0080_0035_0102_0102.jpg 1 80 35 102 102
0012_0062_0133_0073_0073.jpg 1 62 133 73 73
0013_0088_0020_0084_0084.jpg 1 88 20 84 84
0014_0139_0086_0141_0141.jpg 1 139 86 141 141
0015_0017_0008_0166_0166.jpg 1 17 8 166 166
0016_0076_0070_0115_0115.jpg 1 76 70 115 115
0017_0240_0216_0160_0160.jpg 1 240 216 160 160
0018_0196_0260_0096_0096.jpg 1 196 260 96 96
0019_0398_0345_0089_0089.jpg 1 398 345 89 89
0020_0399_0277_0072_0072.jpg 1 399 277 72 72
0021_0311_0219_0059_0059.jpg 1 311 219 59 59
0022_0112_0258_0058_0058.jpg 1 112 258 58 58
0023_0064_0101_0081_0081.jpg 1 64 101 81 81
0024_0056_0025_0163_0163.jpg 1 56 25 163 163
0025_0121_0067_0077_0077.jpg 1 121 67 77 77
