0001_0074_0009_0151_0151.jpg 1 74 9 151 151
0002_0085_0023_0148_0148.jpg 1 85 23 148 148
0003_0116_0052_0144_0144.jpg 1 116 52 144 144
0004_0412_0053_0145_0145.jpg 1 412 53 145 145
0005_0024_0051_0132_0132.jpg 1 24 51 132 132
0006_0125_0311_0092_0092.jpg 1 125 311 92 92
0007_0044_0095_0088_0088.jpg 1 44 95 88 88
0008_0190_0064_0059_0059.jpg 1 190 64 59 59
0009_0241_0065_0165_0165.jpg 1 241 65 165 165
0010_0169_0075_0122_0122.jpg 1 169 75 122 122
0011_0236_0172_0144_0144.jpg 1 236 172 144 144
0012_0094_0060_0048_0048.jpg 1 94 60 48 48
0013_0130_0038_0155_0155.jpg 1 130 38 155 155
0014_0269_0184_0127_0127.jpg 1 269 184 127 127
0015_0036_0083_0053_0053.jpg 1 36 83 53 53
0016_0206_0295_0155_0155.jpg 1 206 295 155 155
0017_0031_0020_0135_0135.jpg 1 31 20 135 135
0018_0081_0131_0064_0064.jpg 1 81 131 64 64
0019_0414_0170_0075_0075.jpg 1 414 170 75 75
0020_0021_0027_0060_0060.jpg 1 21 27 60 60
0021_0166_0075_0095_0095.jpg 1 166 75 95 95
0022_0080_0170_0048_0048.jpg 1 80 170 48 48
0023_0110_0119_0053_0053.jpg 1 110 119 53 53
0024_0084_0074_0149_0149.jpg 1 84 74 149 149
0025_0109_0221_0138_0138.jpg 1 109 221 138 138
